R_IndexProximal: Pos(-0.003732, 0.002189, 0.059548) Rot(0.151882, -0.07698268, 0.0411778, 0.9845354)
R_IndexIntermediate: Pos(-1.294385E-06, -1.527845E-06, 0.03792841) Rot(0.1307591, 0.003759917, -0.02628858, 0.9910585)
R_IndexDistal: Pos(-9.285007E-07, 1.593788E-07, 0.02430516) Rot(-0.003017978, 0.02607772, -0.0164322, 0.9995203)
R_IndexTip: Pos(0.0002948791, 0.001024898, 0.0223638) Rot(0, -4.336809E-19, 0, 1)
R_LittleProximal: Pos(-2.530307E-06, 1.160611E-06, 0.04565198) Rot(-0.06267674, 0.05101484, 0.09903724, 0.9917967)
R_LittleIntermediate: Pos(-1.720091E-07, -6.646861E-07, 0.03071994) Rot(0.3602582, 0.025497, -0.06776039, 0.930039)
R_LittleDistal: Pos(-1.354028E-07, 6.386686E-07, 0.02031132) Rot(0.1151107, -0.04873112, 0.001109484, 0.992156)
R_LittleTip: Pos(-0.0002463258, 0.001215198, 0.02192333) Rot(-2.775558E-17, -2.775558E-17, 1.387779E-17, 1)
R_MiddleProximal: Pos(0.001884, 0.005105, 0.061361) Rot(0.1896454, 0.0117154, -0.009750124, 0.9817344)
R_MiddleIntermediate: Pos(3.311234E-07, -8.804644E-07, 0.04292654) Rot(0.2042747, 0.001967482, -0.0123084, 0.9788343)
R_MiddleDistal: Pos(-1.703013E-07, 5.871987E-07, 0.02754843) Rot(-0.03223448, 0.001938704, -0.040453, 0.9986595)
R_MiddleTip: Pos(0.0003095091, 0.001137151, 0.02496384) Rot(2.775558E-17, -3.469447E-18, -6.938894E-18, 1)
R_RingProximal: Pos(0.002473, -0.000513, 0.053918) Rot(0.08123156, 0.08615339, -0.05587993, 0.9913912)
R_RingIntermediate: Pos(-5.266108E-07, 3.652638E-07, 0.03899503) Rot(0.3017412, -0.007293773, -0.03955524, 0.9525411)
R_RingDistal: Pos(1.039646E-06, -5.423256E-07, 0.02657356) Rot(0.09172485, -0.02957153, -0.008965976, 0.9953048)
R_RingTip: Pos(0.0002563861, 0.001606592, 0.02432617) Rot(2.775558E-17, 1.387779E-17, -3.85186E-34, 1)
R_ThumbMetacarpal: Pos(-0.030218, -0.016084, 0.034498) Rot(-0.127078, -0.4597233, 0.5512751, 0.6845447)
R_ThumbProximal: Pos(0.0009862719, -0.005712928, 0.03199217) Rot(0.3039057, 0.06966191, -0.09680318, 0.9452078)
R_ThumbDistal: Pos(1.384091E-06, -6.110277E-06, 0.03379152) Rot(0.1129837, -0.05061896, 0.07914509, 0.9891453)
R_ThumbTip: Pos(0.0006700723, 0.001027423, 0.0245905) Rot(1.734723E-18, 0, 0, 1)

