R_IndexMetacarpal: Pos(-0.01594659, -0.009916641, 0.03241207) Rot(0, 0, 0, 1)
R_IndexProximal: Pos(-0.004487444, 0.003568457, 0.05088014) Rot(0.2515654, 0.1229445, 0.01209871, 0.9599235)
R_IndexIntermediate: Pos(3.166497E-08, -1.769513E-08, 0.03290805) Rot(0.6749214, -0.01213079, -0.02255793, 0.7374451)
R_IndexDistal: Pos(-2.002344E-08, 5.401671E-08, 0.02108737) Rot(0.4221486, 0.0166528, -0.01698196, 0.9062147)
R_IndexTip: Pos(0.0002565291, 0.0008893234, 0.01940389) Rot(0, 0, 0, 1)
R_LittleMetacarpal: Pos(0.01995496, -0.008173213, 0.02956429) Rot(0.0183118, 0.1403428, -0.207036, 0.9680417)
R_LittleProximal: Pos(-1.898967E-06, -8.773059E-07, 0.03960922) Rot(0.1261415, -0.04222303, 0.09145004, 0.9868852)
R_LittleIntermediate: Pos(-4.656613E-09, 6.519258E-09, 0.0266549) Rot(0.01828226, 0.04170556, -0.04038395, 0.9981461)
R_LittleDistal: Pos(1.59489E-08, -1.071021E-08, 0.01762343) Rot(-0.009605139, -0.04917213, 0.0006947256, 0.9987439)
R_LittleTip: Pos(-0.000213861, 0.001055183, 0.01902114) Rot(0, 0, 0, 1)
R_MiddleMetacarpal: Pos(-0.001882305, -0.007470104, 0.03053577) Rot(0, 0, 0, 1)
R_MiddleProximal: Pos(0.0003848094, 0.005263478, 0.05245307) Rot(0.155287, 0.1166399, -0.0212813, 0.9807284)
R_MiddleIntermediate: Pos(-2.235174E-08, 7.450581E-09, 0.03724612) Rot(0.1305006, 0.002852298, -0.01198506, 0.9913718)
R_MiddleDistal: Pos(1.74623E-08, 2.04891E-08, 0.02390363) Rot(0.004645884, 0.0003498234, -0.04408009, 0.9990171)
R_MiddleTip: Pos(0.0002677948, 0.000986767, 0.02166114) Rot(0, 0, 0, 1)
R_Palm: Pos(-0.001689892, -0.00483834, 0.05676229) Rot(0, 0, 0, 1)
R_RingMetacarpal: Pos(0.01300827, -0.005219643, 0.03017336) Rot(0, 0, 0, 1)
R_RingProximal: Pos(0.002145648, -0.0004455876, 0.04678281) Rot(0.1112657, 0.10781, -0.05954041, 0.9861298)
R_RingIntermediate: Pos(-3.72529E-09, -5.587935E-09, 0.03383543) Rot(0.05785564, 0.001036353, -0.03489552, 0.9977144)
R_RingDistal: Pos(1.74623E-08, -3.818423E-08, 0.02305672) Rot(0.02208444, -0.02940036, -0.005687896, 0.9993076)
R_RingTip: Pos(0.000223771, 0.001395374, 0.02110682) Rot(0, 0, 0, 1)
R_ThumbMetacarpal: Pos(-0.02371956, -0.01729399, 0.03150722) Rot(0.02489859, -0.3861441, 0.6413212, 0.6625556)
R_ThumbProximal: Pos(1.629815E-09, 2.793968E-09, 0.02821017) Rot(0.313291, 0.04055747, -0.07969013, 0.9454381)
R_ThumbDistal: Pos(-6.519258E-09, 2.328306E-09, 0.02932096) Rot(0.3515474, -0.02750254, 0.06893105, 0.9332237)
R_ThumbTip: Pos(0.000581637, 0.000891065, 0.02133651) Rot(0, 0, 0, 1)

