R_IndexMetacarpal: Pos(-0.01459278, -0.01112516, 0.03293896) Rot(0, 0, 0, 1)
R_IndexProximal: Pos(-0.005841257, 0.004776973, 0.05035327) Rot(0.1654018, 0.06246256, 0.0273966, 0.9838649)
R_IndexIntermediate: Pos(1.091394E-09, -2.793968E-09, 0.03290805) Rot(0.04417149, 0.006052553, -0.02603929, 0.9986663)
R_IndexDistal: Pos(4.883623E-08, -1.769513E-08, 0.02108734) Rot(-0.03379326, 0.02657243, -0.01627682, 0.9989429)
R_IndexTip: Pos(0.0002564737, 0.0008894047, 0.01940384) Rot(0, 0, 0, 1)
R_LittleMetacarpal: Pos(0.01995495, -0.008173238, 0.02956431) Rot(0.01831179, 0.1403428, -0.207036, 0.9680417)
R_LittleProximal: Pos(-1.882203E-06, -8.381903E-07, 0.03960921) Rot(0.7164298, 0.04612435, 0.05023044, 0.6943183)
R_LittleIntermediate: Pos(-3.49246E-09, -1.164153E-08, 0.02665493) Rot(0.6373795, 0.007776939, -0.08572682, 0.765727)
R_LittleDistal: Pos(2.328306E-08, -1.047738E-08, 0.0176234) Rot(0.4980561, -0.04227305, 0.002348929, 0.8661107)
R_LittleTip: Pos(-0.0002138494, 0.001055158, 0.01902122) Rot(0, 0, 0, 1)
R_MiddleMetacarpal: Pos(-0.000528475, -0.008074364, 0.03106266) Rot(0, 0, 0, 1)
R_MiddleProximal: Pos(-0.0009690006, 0.005867773, 0.05192619) Rot(0.5760399, 0.08105271, -0.05975541, 0.8111953)
R_MiddleIntermediate: Pos(-3.780588E-08, -4.190952E-09, 0.0372461) Rot(0.7808174, -0.006056307, -0.01204932, 0.6246138)
R_MiddleDistal: Pos(5.820766E-09, -1.001172E-08, 0.02390371) Rot(0.5787314, -0.02482336, -0.09218802, 0.8099106)
R_MiddleTip: Pos(0.0002678459, 0.0009868015, 0.0216611) Rot(0, 0, 0, 1)
R_Palm: Pos(-0.001012978, -0.00514046, 0.05702577) Rot(0, 0, 0, 1)
R_RingMetacarpal: Pos(0.01300826, -0.00521965, 0.03017339) Rot(0, 0, 0, 1)
R_RingProximal: Pos(0.002145678, -0.0004455708, 0.04678278) Rot(0.6658275, 0.06598622, -0.1174588, 0.7338413)
R_RingIntermediate: Pos(1.396984E-09, -6.519258E-09, 0.03383542) Rot(0.7162562, -0.02192464, -0.04144897, 0.6962603)
R_RingDistal: Pos(-4.237518E-08, 4.190952E-09, 0.02305675) Rot(0.5660998, -0.02677372, -0.03039034, 0.8233412)
R_RingTip: Pos(0.0002237696, 0.001395349, 0.02110685) Rot(0, 0, 0, 1)
R_ThumbMetacarpal: Pos(-0.02101199, -0.01971105, 0.03256104) Rot(0.08041263, -0.3483616, 0.6891623, 0.6302646)
R_ThumbProximal: Pos(4.656613E-09, 3.259629E-09, 0.02821021) Rot(0.3714622, 0.03421225, -0.07804549, 0.9245292)
R_ThumbDistal: Pos(-9.313226E-09, -3.585592E-08, 0.02932097) Rot(0.3749598, -0.0250201, 0.06763556, 0.9242319)
R_ThumbTip: Pos(0.0005816808, 0.0008910573, 0.02133644) Rot(0, 0, 0, 1)

