R_IndexMetacarpal: Pos(-0.01785104, -0.01361901, 0.04031027) Rot(0, 0, 0, 1)
R_IndexProximal: Pos(-0.007154577, 0.005850563, 0.06161655) Rot(0.5594352, 0.01715619, 0.04111824, 0.8276758)
R_IndexIntermediate: Pos(3.026798E-09, 7.916242E-09, 0.04027045) Rot(0.8099374, -0.0167115, -0.01934275, 0.5859592)
R_IndexDistal: Pos(-3.841706E-09, 1.303852E-08, 0.02580516) Rot(0.5609279, 0.01232153, -0.0163674, 0.8276112)
R_IndexTip: Pos(0.0003138423, 0.001088387, 0.02374502) Rot(0, 0, 0, 1)
R_LittleMetacarpal: Pos(0.02441944, -0.01000179, 0.0361786) Rot(0.0183118, 0.1403429, -0.207036, 0.9680417)
R_LittleProximal: Pos(-2.380926E-06, -1.098961E-06, 0.0484708) Rot(0.2675328, 0.1383455, 0.04342959, 0.9525758)
R_LittleIntermediate: Pos(6.635673E-09, 1.210719E-08, 0.03261832) Rot(0.04915148, 0.0404594, -0.04305214, 0.9970425)
R_LittleDistal: Pos(2.654269E-08, 1.862645E-09, 0.0215662) Rot(0.02683679, -0.04913029, 0.0008200408, 0.9984314)
R_LittleTip: Pos(-0.0002617346, 0.001291205, 0.02327674) Rot(0, 0, 0, 1)
R_MiddleMetacarpal: Pos(-0.000640206, -0.009883249, 0.0380142) Rot(0, 0, 0, 1)
R_MiddleProximal: Pos(-0.001192325, 0.007182978, 0.06354139) Rot(0.5546018, 0.06750575, -0.0484242, 0.8279583)
R_MiddleIntermediate: Pos(1.699664E-08, 3.72529E-09, 0.04557901) Rot(0.7904562, -0.006218078, -0.01197371, 0.6123699)
R_MiddleDistal: Pos(-2.398156E-08, -2.793968E-09, 0.02925157) Rot(0.5510114, -0.02360225, -0.09031141, 0.8292606)
R_MiddleTip: Pos(0.000327704, 0.001207568, 0.02650725) Rot(0, 0, 0, 1)
R_Palm: Pos(-0.001236369, -0.006291764, 0.0697849) Rot(0, 0, 0, 1)
R_RingMetacarpal: Pos(0.01591853, -0.006387441, 0.03692395) Rot(0, 0, 0, 1)
R_RingProximal: Pos(0.002625663, -0.0005452354, 0.05724929) Rot(0.5956374, 0.07487255, -0.1100457, 0.7921491)
R_RingIntermediate: Pos(6.344635E-08, 1.117587E-08, 0.04140528) Rot(0.7429357, -0.02290377, -0.04116694, 0.667703)
R_RingDistal: Pos(-4.167669E-08, 6.519258E-09, 0.02821511) Rot(0.5430982, -0.02711752, -0.02938294, 0.8387167)
R_RingTip: Pos(0.0002738587, 0.001707536, 0.02582899) Rot(0, 0, 0, 1)
R_ThumbMetacarpal: Pos(-0.02569978, -0.02413067, 0.03984979) Rot(0.1511622, -0.4148219, 0.6824739, 0.5824965)
R_ThumbProximal: Pos(-1.164153E-08, 4.656613E-10, 0.03452159) Rot(0.3777378, 0.03351017, -0.07784732, 0.9220254)
R_ThumbDistal: Pos(1.210719E-08, 1.955777E-08, 0.03588085) Rot(0.3791191, -0.02457479, 0.06739949, 0.9225628)
R_ThumbTip: Pos(0.0007117902, 0.001090422, 0.02610997) Rot(0, 0, 0, 1)

